"FinalTimeTick","StartingDistanceFromFoundTreasure","FinalUtility","InTeam"
71,39.56008088970496,244.94513650210257,"true"
194,88.40814442120137,71.15374389104441,"true"
41,27.202941017470888,334.4858792848402,"true"
50,39.0,302.5030335687682,"true"
17,9.848857801796104,421.47159669196355,"true"
70,36.87817782917155,247.4193298001036,"true"
148,56.639209034025185,112.97407776699376,"true"
294,71.7007670809734,26.044571466794736,"true"
73,14.866068747318506,240.07072828571074,"true"
64,10.816653826391969,262.7982437627811,"true"
70,38.47076812334269,247.4193298001036,"true"
244,65.36818798161687,43.0484467536323,"true"
34,16.401219466856727,358.86526629913755,"true"
414,10.816653826391969,7.7972339972909905,"true"
86,50.60632371551998,210.66711107738416,"true"
106,58.240879114244144,172.30609167375894,"true"
89,63.12685640834652,204.41008721127477,"true"
161,8.06225774829855,99.13712829445731,"true"
25,17.804493814764857,388.91067969957345,"true"
50,35.805027579936315,302.5030335687682,"true"
89,62.42595614005443,204.41008721127477,"true"
30,18.601075237738275,369.85018669414023,"true"
229,73.23933369440222,50.05293713074488,"true"
44,24.020824298928627,321.3058010423591,"true"
14,10.63014581273465,434.3729063844892,"true"
3,2.23606797749979,970.299,"false"
28,15.811388300841896,754.7192872036328,"false"
213,84.48076704197234,59.378778455771666,"true"
171,48.25971404805462,89.65784179735539,"true"
35,23.40939982143925,351.7238474997847,"true"
47,23.53720459187964,314.9118156016162,"true"
50,35.84689665786984,302.5030335687682,"true"
55,35.0,287.6773749884643,"true"
152,57.62811813689564,108.52244833640391,"true"
244,57.8013840664737,43.0484467536323,"true"
5,4.123105625617661,950.9900499,"false"
81,45.803929962395145,223.76160688190544,"true"
115,55.54277630799526,158.99453190957186,"true"
86,58.05170109479997,212.79506169432744,"true"
427,55.90169943749474,6.842236753865121,"true"
89,37.33630940518894,206.47483556694422,"true"
84,48.30113870293329,214.9445067619469,"true"
27,19.1049731745428,381.17135717355194,"true"
14,10.0,868.7458127689785,"false"
15,11.40175425099138,430.02917732064435,"true"
275,78.77182237323191,31.842952137447327,"true"
42,26.90724809414742,331.1410204919918,"true"
14,9.486832980505138,434.3729063844892,"true"
71,40.718546143004666,244.94513650210257,"true"
2,2.0,980.1,"false"
277,44.204072210600685,31.209277389912124,"true"
38,22.20360331117452,341.2772975051936,"true"
224,72.80109889280519,52.63245092417962,"true"
21,14.866068747318506,809.7278682212587,"false"
50,35.608987629529715,302.5030335687682,"true"
19,13.601470508735444,413.08431191779346,"true"
7,5.0,932.06534790699,"false"
45,18.439088914585774,318.0927430319355,"true"
51,27.202941017470888,302.5030335687682,"true"
92,19.235384061671343,200.3423264757704,"true"
22,16.1245154965971,400.81529476952306,"true"
276,46.61544808322666,31.209277389912124,"true"
20,13.45362404707371,408.9534687986155,"true"
205,11.313708498984761,63.70666883937951,"true"
205,19.4164878389476,63.70666883937951,"true"
115,28.460498941515414,158.99453190957186,"true"
14,10.770329614269007,434.3729063844892,"true"
20,14.035668847618199,413.08431191779346,"true"
314,46.52956049652737,21.302035689438302,"true"
108,76.48529270389177,168.87720044945115,"true"
118,69.31810730249349,152.72951296415243,"true"
124,21.540659228538015,145.24424715498202,"true"
660,36.138621999185304,0.6579584043761767,"true"
427,51.85556864985669,6.842236753865121,"true"
114,52.392747589718944,158.99453190957186,"true"
230,77.6659513557904,50.05293713074488,"true"
111,62.07253821135398,163.861378718902,"true"
29,19.313207915827967,373.5860471657982,"true"
38,22.02271554554524,344.724542934539,"true"
48,17.46424919657298,311.7626974456,"true"
14,8.06225774829855,434.3729063844892,"true"
5,3.605551275463989,950.9900499,"false"
42,31.304951684997057,327.8296102870719,"true"
10,8.246211251235321,904.3820750088046,"false"
46,30.870698080866262,314.9118156016162,"true"
33,14.7648230602334,362.4901679789268,"true"
38,15.033296378372908,341.2772975051936,"true"
31,21.93171219946131,366.15168482719884,"true"
120,26.90724809414742,149.6901956561658,"true"
152,69.35416353759881,108.52244833640391,"true"
89,59.464274989274024,204.41008721127477,"true"
9,6.4031242374328485,913.517247483641,"false"
58,18.788294228055936,281.95259522619386,"true"
17,8.94427190999916,842.9431933839271,"false"
15,10.63014581273465,430.02917732064435,"true"
135,20.8806130178211,128.7423033819745,"true"
25,16.97056274847714,388.91067969957345,"true"
257,52.80151512977634,37.77591703376402,"true"
249,61.39218191268331,40.938644526354274,"true"
153,33.28663395418648,108.52244833640391,"true"
85,47.80167361086848,214.9445067619469,"true"
120,39.92492955535426,149.6901956561658,"true"
161,16.0312195418814,99.13712829445731,"true"
49,25.96150997149434,611.117239532865,"false"
301,47.41307836451879,24.275242565286494,"true"
11,7.810249675906654,447.6691271293583,"true"
9,6.708203932499369,913.517247483641,"false"
105,56.293871780150276,174.04655724622114,"true"
239,60.00833275470999,45.26697914258829,"true"
112,37.589892258425,162.22276493171296,"true"
325,72.40165743959182,19.072527446338555,"true"
37,19.6468827043885,344.724542934539,"true"
112,53.85164807134504,163.861378718902,"true"
326,74.43117626371358,19.072527446338555,"true"
34,13.892443989449804,355.2766136361462,"true"
21,15.652475842498529,404.8639341106294,"true"
224,65.19202405202648,52.63245092417962,"true"
37,23.40939982143925,344.724542934539,"true"
83,12.36931687685298,217.11566339590598,"true"
88,36.6742416417845,206.47483556694422,"true"
250,59.841457201508724,40.938644526354274,"true"
85,57.62811813689564,212.79506169432744,"true"
62,41.23105625617661,270.8425379834269,"true"
126,73.33484846919642,140.9303477702319,"true"
4,2.8284271247461903,960.59601,"false"
111,50.24937810560445,163.861378718902,"true"
86,45.12205669071391,210.66711107738416,"true"
11,11.704699910719626,447.6691271293583,"true"
28,24.20743687382041,381.17135717355194,"true"
128,62.12889826803627,138.12583384960428,"true"
162,23.769728648009426,99.13712829445731,"true"
135,21.540659228538015,128.7423033819745,"true"
213,69.1158447825099,58.78499067121395,"true"
42,25.632011235952593,327.8296102870719,"true"
28,19.79898987322333,754.7192872036328,"false"
68,47.634021455258214,252.44294439353496,"true"
94,65.85590330410783,194.39195903711354,"true"
73,19.0,240.07072828571074,"true"
34,20.808652046684813,355.2766136361462,"true"
25,18.439088914585774,388.91067969957345,"true"
22,14.866068747318506,400.81529476952306,"true"
56,39.59797974644666,284.80060123857965,"true"
212,84.52810183601665,59.378778455771666,"true"
31,15.297058540778355,369.85018669414023,"true"
10,5.0990195135927845,904.3820750088046,"false"
129,60.4648658313239,138.12583384960428,"true"
6,5.0990195135927845,941.4801494010001,"false"
64,5.0,262.7982437627811,"true"
27,18.867962264113206,381.17135717355194,"true"
57,39.824615503479755,284.80060123857965,"true"
29,21.095023109728988,373.5860471657982,"true"
27,17.46424919657298,381.17135717355194,"true"
57,17.69180601295413,281.95259522619386,"true"
57,26.476404589747453,281.95259522619386,"true"
10,7.0710678118654755,904.3820750088046,"false"
64,34.713109915419565,262.7982437627811,"true"
51,33.60059523282288,302.5030335687682,"true"
44,24.020824298928627,321.3058010423591,"true"
654,39.05124837953327,0.7059144574505026,"true"
23,16.1245154965971,396.8071418218278,"true"
653,36.40054944640259,0.7059144574505026,"true"
20,10.04987562112089,408.9534687986155,"true"
153,48.662100242385755,108.52244833640391,"true"
24,10.816653826391969,396.8071418218278,"true"
10,8.0,904.3820750088046,"false"
114,73.06161783043132,158.99453190957186,"true"
33,22.67156809750927,358.86526629913755,"true"
30,21.2602916254693,369.85018669414023,"true"
152,24.413111231467404,108.52244833640391,"true"
699,64.66065264130884,0.8892032138206705,"false"
35,19.6468827043885,351.7238474997847,"true"
260,74.52516353554684,36.653934521944194,"true"
301,55.44366510251645,24.275242565286494,"true"
45,21.840329667841555,318.0927430319355,"true"
83,18.384776310850235,217.11566339590598,"true"
14,9.899494936611665,868.7458127689785,"false"
240,58.42088667591412,45.26697914258829,"true"
28,19.79898987322333,377.3596436018164,"true"
65,36.05551275463989,262.7982437627811,"true"
16,6.708203932499369,430.02917732064435,"true"
37,23.0,344.724542934539,"true"
148,60.108235708594876,112.97407776699376,"true"
192,21.470910553583888,73.33177081605196,"true"
31,19.235384061671343,366.15168482719884,"true"
114,79.98124780221924,158.99453190957186,"true"
213,71.21797525905943,58.78499067121395,"true"
110,53.81449618829484,165.51654416050707,"true"
4,2.8284271247461903,960.59601,"false"
19,11.661903789690601,413.08431191779346,"true"
43,28.42534080710379,324.55131418420115,"true"
65,34.655446902326915,262.7982437627811,"true"
660,50.08991914547278,0.6579584043761767,"true"
40,28.284271247461902,334.4858792848402,"true"
171,54.57105459856901,89.65784179735539,"true"
31,22.20360331117452,366.15168482719884,"true"
126,73.7563556583431,140.9303477702319,"true"
87,38.48376280978771,208.56043996661032,"true"
47,22.47220505424423,311.7626974456,"true"
315,32.55764119219941,21.302035689438302,"true"
155,42.43819034784589,105.29922309836437,"true"
19,6.0,413.08431191779346,"true"
55,37.20215047547655,287.6773749884643,"true"
157,54.12947441089743,103.20376855870691,"true"
112,63.28506932918696,163.861378718902,"true"
161,35.35533905932738,99.13712829445731,"true"
69,14.422205101855956,252.44294439353496,"true"
105,71.7007670809734,174.04655724622114,"true"
64,41.86884283091664,262.7982437627811,"true"
57,39.84971769034255,281.95259522619386,"true"
88,13.0,208.56043996661032,"true"
91,40.311288741492746,200.3423264757704,"true"
3,2.23606797749979,970.299,"false"
123,31.78049716414141,145.24424715498202,"true"
15,12.727922061357855,430.02917732064435,"true"
31,22.20360331117452,366.15168482719884,"true"
261,65.96969000988257,36.653934521944194,"true"
51,14.142135623730951,302.5030335687682,"true"
216,77.41446893184762,114.07803532657644,"false"
118,74.46475676452586,152.72951296415243,"true"
140,70.83784299369935,122.43264951746487,"true"
169,38.0,91.47825915453055,"true"
105,73.87827826905551,174.04655724622114,"true"
47,30.01666203960727,311.7626974456,"true"
1,1.0,990.0,"false"
31,21.540659228538015,366.15168482719884,"true"
50,35.805027579936315,302.5030335687682,"true"
47,28.844410203711913,311.7626974456,"true"
30,19.4164878389476,369.85018669414023,"true"
186,12.083045973594572,77.11097589692243,"true"
109,77.33692520394123,168.87720044945115,"true"
14,12.165525060596439,868.7458127689785,"false"
88,31.622776601683793,206.47483556694422,"true"
90,53.907327887774215,204.41008721127477,"true"
114,30.675723300355934,158.99453190957186,"true"
106,53.150729063673246,174.04655724622114,"true"
314,11.180339887498949,21.302035689438302,"true"
59,41.036569057366385,276.3417385811926,"true"
169,38.01315561749642,91.47825915453055,"true"
314,12.0,21.302035689438302,"true"
11,8.06225774829855,447.6691271293583,"true"
274,80.77747210701756,31.842952137447327,"true"
87,39.56008088970496,210.66711107738416,"true"
19,14.866068747318506,413.08431191779346,"true"
414,19.235384061671343,7.7972339972909905,"true"
144,43.01162633521314,235.21662924041036,"false"
187,9.219544457292887,77.11097589692243,"true"
17,9.486832980505138,421.47159669196355,"true"
191,30.675723300355934,73.33177081605196,"true"
120,19.4164878389476,149.6901956561658,"true"
5,5.0,950.9900499,"false"
152,44.553338819890925,108.52244833640391,"true"
22,13.038404810405298,400.81529476952306,"true"
194,88.09086218218096,71.15374389104441,"true"
50,27.892651361962706,302.5030335687682,"true"
41,29.206163733020468,331.1410204919918,"true"
20,14.317821063276353,817.906937597231,"false"
25,16.278820596099706,388.91067969957345,"true"
86,54.378304497290095,210.66711107738416,"true"
294,93.1933474020544,26.044571466794736,"true"
120,40.496913462633174,149.6901956561658,"true"
4,3.1622776601683795,960.59601,"false"
9,6.708203932499369,913.517247483641,"false"
157,48.38388161361178,103.20376855870691,"true"
3,2.23606797749979,970.299,"false"
109,69.06518659932803,168.87720044945115,"true"
111,55.97320787662612,165.51654416050707,"true"
3,3.0,970.299,"false"
28,18.35755975068582,377.3596436018164,"true"
114,75.7429864739964,158.99453190957186,"true"
38,20.248456731316587,341.2772975051936,"true"
112,34.539832078341085,162.22276493171296,"true"
22,17.0,400.81529476952306,"true"
107,58.240879114244144,172.30609167375894,"true"
37,22.20360331117452,344.724542934539,"true"
257,58.412327466040935,37.77591703376402,"true"
11,10.0,447.6691271293583,"true"
155,45.617978911828175,105.29922309836437,"true"
19,12.806248474865697,413.08431191779346,"true"
32,12.0,724.9803359578536,"false"
31,25.495097567963924,366.15168482719884,"true"
80,54.817880294662984,223.76160688190544,"true"
108,68.00735254367721,168.87720044945115,"true"
77,41.593268686170845,230.61098370904787,"true"
43,20.0,324.55131418420115,"true"
140,49.39635614091387,122.43264951746487,"true"
4,2.8284271247461903,960.59601,"false"
59,38.897300677553446,276.3417385811926,"true"
21,6.4031242374328485,404.8639341106294,"true"
50,32.802438933713454,302.5030335687682,"true"
37,24.186773244895647,344.724542934539,"true"
32,19.1049731745428,362.4901679789268,"true"
39,21.095023109728988,341.2772975051936,"true"
94,47.50789408087881,194.39195903711354,"true"
88,58.0,412.94967113388844,"false"
61,43.41658669218482,270.8425379834269,"true"
8,5.830951894845301,922.7446944279202,"false"
78,43.0,230.61098370904787,"true"
88,31.304951684997057,206.47483556694422,"true"
1,1.0,990.0,"false"
114,72.94518489934754,158.99453190957186,"true"
