"run","randomSeed","perception_radius","treasure_count","area_dimensions","navigation_memory","treasure_value","treasure_decay_rate","explorer_count"
1,-324430487,3,10,40,0.1,1000.0,0.01,100
3,-324427441,3,10,40,0.1,1000.0,0.01,300
5,-324424550,3,10,40,0.3,1000.0,0.01,200
7,-324422515,3,10,40,0.5,1000.0,0.01,100
9,-324421761,3,10,40,0.5,1000.0,0.01,300
11,-324419050,3,10,70,0.1,1000.0,0.01,200
13,-324408556,3,10,70,0.3,1000.0,0.01,100
15,-324404183,3,10,70,0.3,1000.0,0.01,300
17,-324382682,3,10,70,0.5,1000.0,0.01,200
19,-324373105,3,10,100,0.1,1000.0,0.01,100
21,-324353493,3,10,100,0.1,1000.0,0.01,300
23,-324302022,3,10,100,0.3,1000.0,0.01,200
25,-324267261,3,10,100,0.5,1000.0,0.01,100
27,-324247176,3,10,100,0.5,1000.0,0.01,300
29,-324194160,3,30,40,0.1,1000.0,0.01,200
31,-324193946,3,30,40,0.3,1000.0,0.01,100
33,-324193702,3,30,40,0.3,1000.0,0.01,300
35,-324193284,3,30,40,0.5,1000.0,0.01,200
37,-324192984,3,30,70,0.1,1000.0,0.01,100
39,-324190608,3,30,70,0.1,1000.0,0.01,300
41,-324182756,3,30,70,0.3,1000.0,0.01,200
43,-324179283,3,30,70,0.5,1000.0,0.01,100
45,-324176346,3,30,70,0.5,1000.0,0.01,300
47,-324170187,3,30,100,0.1,1000.0,0.01,200
49,-324153879,3,30,100,0.3,1000.0,0.01,100
51,-324146228,3,30,100,0.3,1000.0,0.01,300
53,-324123039,3,30,100,0.5,1000.0,0.01,200
55,-324108393,3,50,40,0.1,1000.0,0.01,100
57,-324108349,3,50,40,0.1,1000.0,0.01,300
59,-324108164,3,50,40,0.3,1000.0,0.01,200
61,-324107952,3,50,40,0.5,1000.0,0.01,100
63,-324107897,3,50,40,0.5,1000.0,0.01,300
65,-324107591,3,50,70,0.1,1000.0,0.01,200
67,-324104978,3,50,70,0.3,1000.0,0.01,100
69,-324103920,3,50,70,0.3,1000.0,0.01,300
71,-324099534,3,50,70,0.5,1000.0,0.01,200
73,-324097014,3,50,100,0.1,1000.0,0.01,100
75,-324092071,3,50,100,0.1,1000.0,0.01,300
77,-324074315,3,50,100,0.3,1000.0,0.01,200
79,-324060148,3,50,100,0.5,1000.0,0.01,100
81,-324056033,3,50,100,0.5,1000.0,0.01,300
83,-324038321,4,10,40,0.1,1000.0,0.01,200
85,-324036513,4,10,40,0.3,1000.0,0.01,100
87,-324035842,4,10,40,0.3,1000.0,0.01,300
89,-324033235,4,10,40,0.5,1000.0,0.01,200
91,-324032414,4,10,70,0.1,1000.0,0.01,100
93,-324028674,4,10,70,0.1,1000.0,0.01,300
95,-324015701,4,10,70,0.3,1000.0,0.01,200
97,-324007857,4,10,70,0.5,1000.0,0.01,100
99,-324003281,4,10,70,0.5,1000.0,0.01,300
101,-323985982,4,10,100,0.1,1000.0,0.01,200
103,-323954626,4,10,100,0.3,1000.0,0.01,100
105,-323934850,4,10,100,0.3,1000.0,0.01,300
107,-323889261,4,10,100,0.5,1000.0,0.01,200
109,-323851364,4,30,40,0.1,1000.0,0.01,100
111,-323851276,4,30,40,0.1,1000.0,0.01,300
113,-323850737,4,30,40,0.3,1000.0,0.01,200
115,-323850513,4,30,40,0.5,1000.0,0.01,100
117,-323850399,4,30,40,0.5,1000.0,0.01,300
119,-323850065,4,30,70,0.1,1000.0,0.01,200
121,-323845667,4,30,70,0.3,1000.0,0.01,100
123,-323844146,4,30,70,0.3,1000.0,0.01,300
125,-323839235,4,30,70,0.5,1000.0,0.01,200
127,-323835972,4,30,100,0.1,1000.0,0.01,100
129,-323827936,4,30,100,0.1,1000.0,0.01,300
131,-323812275,4,30,100,0.3,1000.0,0.01,200
133,-323798699,4,30,100,0.5,1000.0,0.01,100
135,-323791786,4,30,100,0.5,1000.0,0.01,300
137,-323769309,4,50,40,0.1,1000.0,0.01,200
139,-323769153,4,50,40,0.3,1000.0,0.01,100
141,-323769084,4,50,40,0.3,1000.0,0.01,300
143,-323768850,4,50,40,0.5,1000.0,0.01,200
145,-323768754,4,50,70,0.1,1000.0,0.01,100
147,-323768056,4,50,70,0.1,1000.0,0.01,300
149,-323765722,4,50,70,0.3,1000.0,0.01,200
151,-323764574,4,50,70,0.5,1000.0,0.01,100
153,-323763748,4,50,70,0.5,1000.0,0.01,300
155,-323761699,4,50,100,0.1,1000.0,0.01,200
157,-323754740,4,50,100,0.3,1000.0,0.01,100
159,-323751181,4,50,100,0.3,1000.0,0.01,300
161,-323737755,4,50,100,0.5,1000.0,0.01,200
163,-323730650,5,10,40,0.1,1000.0,0.01,100
165,-323730190,5,10,40,0.1,1000.0,0.01,300
167,-323728604,5,10,40,0.3,1000.0,0.01,200
169,-323727004,5,10,40,0.5,1000.0,0.01,100
171,-323726334,5,10,40,0.5,1000.0,0.01,300
173,-323723804,5,10,70,0.1,1000.0,0.01,200
175,-323718932,5,10,70,0.3,1000.0,0.01,100
177,-323713741,5,10,70,0.3,1000.0,0.01,300
179,-323696117,5,10,70,0.5,1000.0,0.01,200
181,-323689287,5,10,100,0.1,1000.0,0.01,100
183,-323672420,5,10,100,0.1,1000.0,0.01,300
185,-323626173,5,10,100,0.3,1000.0,0.01,200
187,-323597115,5,10,100,0.5,1000.0,0.01,100
189,-323583452,5,10,100,0.5,1000.0,0.01,300
191,-323549773,5,30,40,0.1,1000.0,0.01,200
193,-323549615,5,30,40,0.3,1000.0,0.01,100
195,-323549480,5,30,40,0.3,1000.0,0.01,300
197,-323549263,5,30,40,0.5,1000.0,0.01,200
199,-323549112,5,30,70,0.1,1000.0,0.01,100
201,-323548279,5,30,70,0.1,1000.0,0.01,300
203,-323545600,5,30,70,0.3,1000.0,0.01,200
205,-323543040,5,30,70,0.5,1000.0,0.01,100
207,-323541990,5,30,70,0.5,1000.0,0.01,300
209,-323539286,5,30,100,0.1,1000.0,0.01,200
211,-323527881,5,30,100,0.3,1000.0,0.01,100
213,-323522796,5,30,100,0.3,1000.0,0.01,300
215,-323506336,5,30,100,0.5,1000.0,0.01,200
217,-323495657,5,50,40,0.1,1000.0,0.01,100
219,-323495607,5,50,40,0.1,1000.0,0.01,300
221,-323495458,5,50,40,0.3,1000.0,0.01,200
223,-323495335,5,50,40,0.5,1000.0,0.01,100
225,-323495289,5,50,40,0.5,1000.0,0.01,300
227,-323495134,5,50,70,0.1,1000.0,0.01,200
229,-323494122,5,50,70,0.3,1000.0,0.01,100
231,-323493491,5,50,70,0.3,1000.0,0.01,300
233,-323492272,5,50,70,0.5,1000.0,0.01,200
235,-323491124,5,50,100,0.1,1000.0,0.01,100
237,-323488011,5,50,100,0.1,1000.0,0.01,300
239,-323477083,5,50,100,0.3,1000.0,0.01,200
241,-323472807,5,50,100,0.5,1000.0,0.01,100
243,-323469973,5,50,100,0.5,1000.0,0.01,300
245,-323460857,6,10,40,0.1,1000.0,0.01,200
247,-323459863,6,10,40,0.3,1000.0,0.01,100
249,-323459594,6,10,40,0.3,1000.0,0.01,300
251,-323458294,6,10,40,0.5,1000.0,0.01,200
253,-323457278,6,10,70,0.1,1000.0,0.01,100
255,-323452951,6,10,70,0.1,1000.0,0.01,300
257,-323443587,6,10,70,0.3,1000.0,0.01,200
259,-323435311,6,10,70,0.5,1000.0,0.01,100
261,-323431724,6,10,70,0.5,1000.0,0.01,300
263,-323416311,6,10,100,0.1,1000.0,0.01,200
265,-323384345,6,10,100,0.3,1000.0,0.01,100
267,-323370703,6,10,100,0.3,1000.0,0.01,300
269,-323338050,6,10,100,0.5,1000.0,0.01,200
271,-323300036,6,30,40,0.1,1000.0,0.01,100
273,-323299952,6,30,40,0.1,1000.0,0.01,300
275,-323299712,6,30,40,0.3,1000.0,0.01,200
277,-323299317,6,30,40,0.5,1000.0,0.01,100
279,-323299254,6,30,40,0.5,1000.0,0.01,300
281,-323298912,6,30,70,0.1,1000.0,0.01,200
283,-323297288,6,30,70,0.3,1000.0,0.01,100
285,-323295883,6,30,70,0.3,1000.0,0.01,300
287,-323292020,6,30,70,0.5,1000.0,0.01,200
289,-323289027,6,30,100,0.1,1000.0,0.01,100
291,-323283378,6,30,100,0.1,1000.0,0.01,300
293,-323270163,6,30,100,0.3,1000.0,0.01,200
295,-323263553,6,30,100,0.5,1000.0,0.01,100
297,-323257985,6,30,100,0.5,1000.0,0.01,300
299,-323243688,6,50,40,0.1,1000.0,0.01,200
301,-323243550,6,50,40,0.3,1000.0,0.01,100
303,-323243473,6,50,40,0.3,1000.0,0.01,300
305,-323243272,6,50,40,0.5,1000.0,0.01,200
307,-323243132,6,50,70,0.1,1000.0,0.01,100
309,-323242887,6,50,70,0.1,1000.0,0.01,300
311,-323241562,6,50,70,0.3,1000.0,0.01,200
313,-323241122,6,50,70,0.5,1000.0,0.01,100
315,-323240850,6,50,70,0.5,1000.0,0.01,300
317,-323239534,6,50,100,0.1,1000.0,0.01,200
319,-323234093,6,50,100,0.3,1000.0,0.01,100
321,-323231751,6,50,100,0.3,1000.0,0.01,300
323,-323227403,6,50,100,0.5,1000.0,0.01,200
2,-324430600,3,10,40,0.1,1000.0,0.01,200
4,-324426213,3,10,40,0.3,1000.0,0.01,100
6,-324425380,3,10,40,0.3,1000.0,0.01,300
8,-324423017,3,10,40,0.5,1000.0,0.01,200
10,-324421099,3,10,70,0.1,1000.0,0.01,100
12,-324411074,3,10,70,0.1,1000.0,0.01,300
14,-324394416,3,10,70,0.3,1000.0,0.01,200
16,-324380270,3,10,70,0.5,1000.0,0.01,100
18,-324373818,3,10,70,0.5,1000.0,0.01,300
20,-324347462,3,10,100,0.1,1000.0,0.01,200
22,-324290746,3,10,100,0.3,1000.0,0.01,100
24,-324274172,3,10,100,0.3,1000.0,0.01,300
26,-324222071,3,10,100,0.5,1000.0,0.01,200
28,-324175757,3,30,40,0.1,1000.0,0.01,100
30,-324175566,3,30,40,0.1,1000.0,0.01,300
32,-324174785,3,30,40,0.3,1000.0,0.01,200
34,-324174193,3,30,40,0.5,1000.0,0.01,100
36,-324173963,3,30,40,0.5,1000.0,0.01,300
38,-324173414,3,30,70,0.1,1000.0,0.01,200
40,-324168991,3,30,70,0.3,1000.0,0.01,100
42,-324166449,3,30,70,0.3,1000.0,0.01,300
44,-324157817,3,30,70,0.5,1000.0,0.01,200
46,-324153866,3,30,100,0.1,1000.0,0.01,100
48,-324144448,3,30,100,0.1,1000.0,0.01,300
50,-324119965,3,30,100,0.3,1000.0,0.01,200
52,-324104273,3,30,100,0.5,1000.0,0.01,100
54,-324096584,3,30,100,0.5,1000.0,0.01,300
56,-324074746,3,50,40,0.1,1000.0,0.01,200
58,-324074662,3,50,40,0.3,1000.0,0.01,100
60,-324074580,3,50,40,0.3,1000.0,0.01,300
62,-324074249,3,50,40,0.5,1000.0,0.01,200
64,-324074098,3,50,70,0.1,1000.0,0.01,100
66,-324073070,3,50,70,0.1,1000.0,0.01,300
68,-324069072,3,50,70,0.3,1000.0,0.01,200
70,-324065687,3,50,70,0.5,1000.0,0.01,100
72,-324064353,3,50,70,0.5,1000.0,0.01,300
74,-324059495,3,50,100,0.1,1000.0,0.01,200
76,-324048538,3,50,100,0.3,1000.0,0.01,100
78,-324043744,3,50,100,0.3,1000.0,0.01,300
80,-324024000,3,50,100,0.5,1000.0,0.01,200
82,-324014102,4,10,40,0.1,1000.0,0.01,100
84,-324013805,4,10,40,0.1,1000.0,0.01,300
86,-324012410,4,10,40,0.3,1000.0,0.01,200
88,-324011362,4,10,40,0.5,1000.0,0.01,100
90,-324010573,4,10,40,0.5,1000.0,0.01,300
92,-324008346,4,10,70,0.1,1000.0,0.01,200
94,-324001748,4,10,70,0.3,1000.0,0.01,100
96,-323995825,4,10,70,0.3,1000.0,0.01,300
98,-323983463,4,10,70,0.5,1000.0,0.01,200
100,-323976277,4,10,100,0.1,1000.0,0.01,100
102,-323958350,4,10,100,0.1,1000.0,0.01,300
104,-323898011,4,10,100,0.3,1000.0,0.01,200
106,-323861529,4,10,100,0.5,1000.0,0.01,100
108,-323833477,4,10,100,0.5,1000.0,0.01,300
110,-323794261,4,30,40,0.1,1000.0,0.01,200
112,-323793906,4,30,40,0.3,1000.0,0.01,100
114,-323793761,4,30,40,0.3,1000.0,0.01,300
116,-323793406,4,30,40,0.5,1000.0,0.01,200
118,-323793066,4,30,70,0.1,1000.0,0.01,100
120,-323791539,4,30,70,0.1,1000.0,0.01,300
122,-323787361,4,30,70,0.3,1000.0,0.01,200
124,-323783557,4,30,70,0.5,1000.0,0.01,100
126,-323781944,4,30,70,0.5,1000.0,0.01,300
128,-323776745,4,30,100,0.1,1000.0,0.01,200
130,-323765908,4,30,100,0.3,1000.0,0.01,100
132,-323758606,4,30,100,0.3,1000.0,0.01,300
134,-323736696,4,30,100,0.5,1000.0,0.01,200
136,-323724225,4,50,40,0.1,1000.0,0.01,100
138,-323724124,4,50,40,0.1,1000.0,0.01,300
140,-323723972,4,50,40,0.3,1000.0,0.01,200
142,-323723874,4,50,40,0.5,1000.0,0.01,100
144,-323723843,4,50,40,0.5,1000.0,0.01,300
146,-323723667,4,50,70,0.1,1000.0,0.01,200
148,-323722232,4,50,70,0.3,1000.0,0.01,100
150,-323721716,4,50,70,0.3,1000.0,0.01,300
152,-323718980,4,50,70,0.5,1000.0,0.01,200
154,-323717680,4,50,100,0.1,1000.0,0.01,100
156,-323712813,4,50,100,0.1,1000.0,0.01,300
158,-323701040,4,50,100,0.3,1000.0,0.01,200
160,-323694667,4,50,100,0.5,1000.0,0.01,100
162,-323691003,4,50,100,0.5,1000.0,0.01,300
164,-323681034,5,10,40,0.1,1000.0,0.01,200
166,-323680133,5,10,40,0.3,1000.0,0.01,100
168,-323679756,5,10,40,0.3,1000.0,0.01,300
170,-323678301,5,10,40,0.5,1000.0,0.01,200
172,-323677310,5,10,70,0.1,1000.0,0.01,100
174,-323672404,5,10,70,0.1,1000.0,0.01,300
176,-323660273,5,10,70,0.3,1000.0,0.01,200
178,-323646017,5,10,70,0.5,1000.0,0.01,100
180,-323642070,5,10,70,0.5,1000.0,0.01,300
182,-323624390,5,10,100,0.1,1000.0,0.01,200
184,-323590522,5,10,100,0.3,1000.0,0.01,100
186,-323576922,5,10,100,0.3,1000.0,0.01,300
188,-323523955,5,10,100,0.5,1000.0,0.01,200
190,-323488349,5,30,40,0.1,1000.0,0.01,100
192,-323488178,5,30,40,0.1,1000.0,0.01,300
194,-323487958,5,30,40,0.3,1000.0,0.01,200
196,-323487708,5,30,40,0.5,1000.0,0.01,100
198,-323487566,5,30,40,0.5,1000.0,0.01,300
200,-323487114,5,30,70,0.1,1000.0,0.01,200
202,-323484646,5,30,70,0.3,1000.0,0.01,100
204,-323483614,5,30,70,0.3,1000.0,0.01,300
206,-323478872,5,30,70,0.5,1000.0,0.01,200
208,-323475397,5,30,100,0.1,1000.0,0.01,100
210,-323469730,5,30,100,0.1,1000.0,0.01,300
212,-323452125,5,30,100,0.3,1000.0,0.01,200
214,-323441577,5,30,100,0.5,1000.0,0.01,100
216,-323435608,5,30,100,0.5,1000.0,0.01,300
218,-323418783,5,50,40,0.1,1000.0,0.01,200
220,-323418710,5,50,40,0.3,1000.0,0.01,100
222,-323418662,5,50,40,0.3,1000.0,0.01,300
224,-323418387,5,50,40,0.5,1000.0,0.01,200
226,-323418260,5,50,70,0.1,1000.0,0.01,100
228,-323418041,5,50,70,0.1,1000.0,0.01,300
230,-323415963,5,50,70,0.3,1000.0,0.01,200
232,-323414605,5,50,70,0.5,1000.0,0.01,100
234,-323413551,5,50,70,0.5,1000.0,0.01,300
236,-323411890,5,50,100,0.1,1000.0,0.01,200
238,-323407399,5,50,100,0.3,1000.0,0.01,100
240,-323404288,5,50,100,0.3,1000.0,0.01,300
242,-323396920,5,50,100,0.5,1000.0,0.01,200
244,-323389815,6,10,40,0.1,1000.0,0.01,100
246,-323389410,6,10,40,0.1,1000.0,0.01,300
248,-323387526,6,10,40,0.3,1000.0,0.01,200
250,-323386686,6,10,40,0.5,1000.0,0.01,100
252,-323386164,6,10,40,0.5,1000.0,0.01,300
254,-323384508,6,10,70,0.1,1000.0,0.01,200
256,-323377896,6,10,70,0.3,1000.0,0.01,100
258,-323373075,6,10,70,0.3,1000.0,0.01,300
260,-323360037,6,10,70,0.5,1000.0,0.01,200
262,-323351902,6,10,100,0.1,1000.0,0.01,100
264,-323337400,6,10,100,0.1,1000.0,0.01,300
266,-323300154,6,10,100,0.3,1000.0,0.01,200
268,-323273581,6,10,100,0.5,1000.0,0.01,100
270,-323261251,6,10,100,0.5,1000.0,0.01,300
272,-323234010,6,30,40,0.1,1000.0,0.01,200
274,-323233876,6,30,40,0.3,1000.0,0.01,100
276,-323233782,6,30,40,0.3,1000.0,0.01,300
278,-323233508,6,30,40,0.5,1000.0,0.01,200
280,-323233371,6,30,70,0.1,1000.0,0.01,100
282,-323232454,6,30,70,0.1,1000.0,0.01,300
284,-323229937,6,30,70,0.3,1000.0,0.01,200
286,-323227891,6,30,70,0.5,1000.0,0.01,100
288,-323227135,6,30,70,0.5,1000.0,0.01,300
290,-323224809,6,30,100,0.1,1000.0,0.01,200
292,-323216426,6,30,100,0.3,1000.0,0.01,100
294,-323212549,6,30,100,0.3,1000.0,0.01,300
296,-323200675,6,30,100,0.5,1000.0,0.01,200
298,-323190925,6,50,40,0.1,1000.0,0.01,100
300,-323190881,6,50,40,0.1,1000.0,0.01,300
302,-323190737,6,50,40,0.3,1000.0,0.01,200
304,-323190603,6,50,40,0.5,1000.0,0.01,100
306,-323190539,6,50,40,0.5,1000.0,0.01,300
308,-323190336,6,50,70,0.1,1000.0,0.01,200
310,-323189308,6,50,70,0.3,1000.0,0.01,100
312,-323189011,6,50,70,0.3,1000.0,0.01,300
314,-323188328,6,50,70,0.5,1000.0,0.01,200
316,-323187686,6,50,100,0.1,1000.0,0.01,100
318,-323185545,6,50,100,0.1,1000.0,0.01,300
320,-323180875,6,50,100,0.3,1000.0,0.01,200
322,-323177278,6,50,100,0.5,1000.0,0.01,100
324,-323175740,6,50,100,0.5,1000.0,0.01,300
